#Thousand Word Corpus courtesy of ASBusinessMagnet
#Feel free to modify to your own accord

#File format: word,sPoint,nPoint,yPoint,mPoint
褋褔邪褋褌褜械,4,3,1,2
锌械褔邪谢褜,4,3,1,2
褋屑械褉褌褜,4,1,2,3
褌褉邪谐械写懈褟,4,1,2,3
芯写懈薪芯褔械褋褌胁芯,4,1,2,3
谢褞斜芯胁褜,4,2,1,3
锌褉懈泻谢褞褔械薪懈械,4,3,1,2
褋谢邪写泻懈泄,4,2,1,3
胁芯谢薪械薪懈械,4,2,1,3
褎械泄械褉胁械褉泻,4,3,2,1
褉芯屑邪薪褌懈泻邪,4,2,1,3
褋谢褢蟹褘,4,1,2,3
写械锌褉械褋褋懈褟,4,1,3,2
褋械褉写褑械,4,2,1,3
斜褉邪泻,4,2,1,3
褋褌褉邪褋褌褜,4,2,1,3
写械褌褋褌胁芯,4,3,2,1
胁械褋械谢褜械,4,3,1,2
褑胁械褌,4,3,2,1
薪邪写械卸写邪,4,2,3,1
写褉褍蟹褜褟,4,3,1,2
褋械屑褜褟,4,2,1,3
胁械褔械褉懈薪泻邪,4,3,2,1
芯褌锌褍褋泻,4,3,1,2
谢械薪褜,4,3,2,1
屑械褔褌邪,4,1,2,3
斜芯谢褜,4,2,3,1
芯褌锌褍褋泻,4,3,1,2
泻褉芯胁邪褌褜,4,3,1,2
锌械褉芯,4,3,2,1
褋褌褘写,4,2,3,1
褋褌褉邪褏,4,1,3,2
褌械锌谢芯,4,3,1,2
褑胁械褌芯泻,4,3,1,2
泻芯屑褎芯褉褌,4,3,1,2
褌邪薪褑械胁邪褌褜,4,2,1,3
锌械褌褜,4,2,1,3
锌谢邪泻邪褌褜,4,1,2,3
褋屑械褟褌褜褋褟,4,3,1,2
褌械屑薪褘泄,4,2,3,1
褋芯谢薪械褔薪褘泄,4,3,1,2
褌褍褔邪,4,3,2,1
褋锌芯泻芯泄薪褘泄,4,1,3,2
谐谢褍锌褘泄,4,3,2,1
谢械褌褟褖懈泄,4,3,2,1
褔褍写械褋薪褘泄,4,3,2,1
斜械蟹芯褌胁械褌薪褘泄,4,1,2,3
褉芯蟹邪,4,1,2,3
胁屑械褋褌械,4,2,1,3
芯斜械褖邪薪懈械,4,2,1,3
芯褔邪褉芯胁邪薪懈械,4,3,2,1
泻褉邪褋芯褌邪,4,2,1,3
胁械褋械谢褜械,4,3,2,1
褍谢褘斜泻邪,4,2,1,3
褉邪蟹斜懈褌褘泄,4,1,2,3
写褉邪谐芯褑械薪薪褘泄,4,2,1,3
屑芯谢懈褌胁邪,4,1,3,2
薪械褍泻谢褞卸懈泄,4,3,2,1
锌褉芯褖邪褌褜,4,2,3,1
锌褉懈褉芯写邪,4,3,1,2
芯泻械邪薪,4,3,1,2
芯褋谢械锌懈褌械谢褜薪褘泄,4,3,2,1
芯褋芯斜械薪薪褘泄,4,2,1,3
屑褍蟹褘泻邪,4,2,1,3
褍写邪褔邪,4,3,2,1
谐褉芯屑泻懈泄,4,3,1,2
褋锌芯泻芯泄薪褘泄,4,1,3,2
褉邪写芯褋褌褜,4,1,3,2
蟹邪泻邪褌,4,3,1,2
褋胁械褌谢褟褔泻懈,4,3,2,1
褉邪写褍谐邪,4,3,1,2
斜芯谢褜,4,2,3,1
懈谐褉邪褌褜,4,3,2,1
懈褋泻褉邪,4,3,2,1
褕褉邪屑褘,4,2,3,1
锌褍褋褌芯泄,4,1,2,3
褍写懈胁懈褌械谢褜薪褘泄,4,3,2,1
谐芯褉械,4,1,3,2
芯斜褗褟褌懈褟,4,1,2,3
薪械芯斜褘泻薪芯胁械薪薪褘泄,4,2,1,3
锌芯褌褉褟褋邪褞褖懈泄,4,3,2,1
锌芯褉邪卸械薪懈械,4,1,3,2
斜械蟹薪邪写褢卸薪褘泄,4,1,2,3
褋褌褉邪写邪薪懈械,4,1,3,2
褋芯泻褉芯胁懈褖械,4,3,1,2
斜谢邪卸械薪褋褌胁芯,4,2,1,3
胁芯褋锌芯屑懈薪邪薪懈褟,4,2,1,3
锌褉懈褟褌薪褘泄,4,3,1,2
薪芯褋褌邪谢褜谐懈褟,4,2,1,3
胁芯谢褕械斜薪褘泄,4,1,2,3
谢邪褋泻芯胁褘泄,4,1,2,3
锌褉芯褏谢邪写薪褘泄,4,3,1,2
褋胁械褔懈,4,1,2,3
泻褉懈泻,4,3,1,2
褋谢褍褔邪泄薪褘泄,4,2,3,1
褉邪泄,4,1,3,2
芯褌褗械蟹写,4,1,3,2
蟹邪屑械褔邪褌械谢褜薪褘泄,4,1,2,3
斜褍谢芯褔泻邪,4,3,2,1
懈褋泻谢褞褔懈褌械谢褜薪褘泄,4,2,1,3
斜芯谢褜,4,2,3,1
胁芯泻邪谢褜薪褘泄,4,3,1,2
邪蟹邪褉褌,4,2,3,1
芯卸懈写邪薪懈械,4,2,3,1
胁芯芯斜褉邪卸邪褌褜,4,1,2,3
锌褉懈胁谢械泻邪褌械谢褜薪褘泄,4,1,2,3
褔褍胁褋褌胁芯胁邪褌褜,4,3,1,2
锌褉懈褌胁芯褉褟褌褜褋褟,4,3,2,1
谐褉褍锌锌邪,4,2,1,3
褏褉邪斜褉褘泄,4,2,3,1
屑芯褉芯褋懈褌褜,4,3,1,2
褍蟹薪邪胁邪褌褜,4,1,2,3
褋胁械褌褟褖懈泄褋褟,4,1,3,2
芯褑械锌械薪械胁褕懈泄,4,1,3,2
褋谢邪斜褘泄,4,3,2,1
褔褢褉薪褘泄,4,2,3,1
褑械褉泻芯胁褜,4,1,3,2
褟褉泻懈泄,4,1,3,2
写芯胁芯谢褜薪褘泄,4,1,3,2
锌械褔械薪褜械,4,3,2,1
斜械蟹卸懈蟹薪械薪薪褘泄,4,1,3,2
褉邪褋褋褌褉芯械薪薪褘泄,4,1,3,2
褎芯褉屑邪,4,3,2,1
薪芯褔褜,4,3,1,2
薪械胁懈薪薪褘泄,4,3,2,1
褌芯褉褌,4,3,2,1
胁芯褋泻谢懈褑邪薪懈械,4,3,1,2
锌械褋薪褟,4,2,1,3
泻邪褌邪褌褜褋褟,4,3,2,1
泻褉懈褔邪褌褜,4,3,1,2
薪械芯卸懈写邪薪薪褘泄,4,2,3,1
锌邪褉邪,4,1,2,3
褖械斜械褌邪褌褜,4,1,3,2
蟹邪斜褘褌褜,4,2,3,1
斜芯谐,4,1,3,2
写胁懈卸械薪懈械,4,3,2,1
锌芯写屑懈谐懈胁邪薪懈械,4,1,2,3
胁械褉邪,4,1,3,2
褉械斜褟褔械褋褌胁芯,4,3,2,1
褋屑邪泻芯胁邪褌褜,4,3,2,1
褉邪褋褌褍褖懈泄,4,3,2,1
锌芯谢薪芯褔褜,4,2,3,1
胁芯褋褏芯卸写械薪懈械,4,3,2,1
谐芯褉褜泻芯-褋谢邪写泻懈泄,4,2,1,3
泻邪褉褌懈薪邪,4,1,2,3
谐芯褉械,4,1,3,2
斜谢邪谐芯褋谢芯胁谢褟褌褜,4,1,3,2
懈褋褋谢械写芯胁邪褌褜,4,3,1,2
锌褉懈褋褍褌褋褌胁懈械,4,1,2,3
芯褌胁谢械褔械薪薪褘泄,4,3,2,1
胁械褉械胁泻邪,4,1,3,2
薪邪褋谢邪卸写邪褌褜褋褟,4,1,3,2
褉械胁械褌褜,4,3,1,2
芯褌写褘褏邪褌褜,4,3,1,2
蟹邪胁懈写芯胁邪褌褜,4,1,2,3
芯斜薪邪褉褍卸懈褌褜,4,3,1,2
芯褔邪褉芯胁邪褌械谢褜薪褘泄,4,1,2,3
斜芯谢褜薪芯泄,4,2,3,1
锌褉芯谐褍谢泻邪,4,1,3,2
芯泻褍褌邪薪薪褘泄,4,2,3,1
谢懈褋褌褜褟,4,3,2,1
薪械褉胁薪褘泄,4,1,3,2
芯卸懈写邪薪懈械,4,2,3,1
芯斜褉邪蟹,4,1,2,3
泻芯屑锌谢懈屑械薪褌,4,2,1,3
芯褌泻邪蟹,4,1,2,3
斜械褋锌芯泻芯泄褋褌胁芯,4,1,3,2
褕邪谐懈,4,1,3,2
芯褋褌邪胁邪褌褜褋褟,4,1,2,3
锌邪褉邪谢懈蟹芯胁邪薪薪褘泄,4,1,3,2
薪邪褍谢懈褑械,4,1,3,2
褋芯谢薪械褔薪褘泄,4,3,1,2
薪械褋锌芯褋芯斜薪褘泄,4,3,2,1
写褉褍谐芯泄,4,2,1,3
褋胁械褌谢械褌褜,4,1,3,2
锌芯胁褌芯褉褟褌褜,4,2,3,1
褋谢褍褕邪褌褜,4,2,1,3
芯写懈薪芯褔械褋褌胁芯,4,2,1,3
卸械薪邪,4,2,1,3
胁械褌械褉芯泻,4,1,3,2
褉邪褋褋褌邪胁邪薪懈械,4,1,2,3
卸懈胁芯泄,4,1,3,2
写械褌懈,4,2,1,3
锌懈褉芯谐,4,3,2,1
锌褍褌械褕械褋褌胁懈械,4,3,1,2
写芯褉芯谐芯泄,4,1,2,3
胁芯褋褌芯褉谐,4,2,1,3
薪械褟褋薪褘泄,4,2,3,1
芯斜薪懈屑邪褌褜褋褟,4,1,2,3
薪械褍写邪褔邪,4,1,3,2
谢懈褉懈泻邪,4,2,1,3
褌褍锌懈泻,4,2,3,1
胁褋锌芯屑懈薪邪褌褜,4,2,1,3
谢邪褋泻邪,4,1,2,3
泻褉懈泻,4,3,1,2
写械褋械褉褌,4,3,2,1
薪械褋褔邪褋褌褜械,4,2,3,1
褌褉械锌械褌,4,1,2,3
屑褍卸,4,2,1,3
邪写,4,1,3,2
薪械胁械卸械褋褌胁械薪薪褘泄,4,2,3,1
薪懈泻芯谐写邪,4,1,3,2
泻褉邪褋懈胁褘泄,4,1,2,3
锌芯斜械写邪,4,2,3,1
褋锌邪褌褜,4,3,1,2
薪邪胁褋械谐写邪,4,2,1,3
泻芯褉懈褑邪,4,3,2,1
芯锌谢芯褕薪芯褋褌褜,4,1,2,3
褋褍写褜斜邪,4,2,3,1
锌芯褌械屑薪械褌褜,4,2,3,1
锌芯屑薪懈褌褜,4,2,3,1
蟹邪斜芯褌懈褌褜褋褟,4,2,3,1
褋懈褟褌褜,4,1,3,2
芯斜薪懈屑邪褌褜,4,1,2,3
谐褉芯屑,4,3,1,2
褋锌芯褉懈褌褜,4,2,3,1
锌芯芯褖褉褟褌褜,4,2,3,1
褋芯屑薪械胁邪褌褜褋褟,4,3,2,1
懈褋泻褉械薪薪懈泄,4,2,1,3
褏褍写褕懈泄,4,1,2,3
泻芯屑锌邪薪褜芯薪泻邪,4,1,2,3
褋胁械褌谢褘泄,4,1,3,2
写褉械屑邪褌褜,4,3,1,2
胁械褉懈褌褜,4,2,3,1
锌褉芯褖邪薪懈械,4,1,3,2
褋泻褍泻邪,4,3,1,2
斜械蟹褉邪蟹谢懈褔薪褘泄,4,2,3,1
锌械褉械褋屑芯褌褉械褌褜,4,2,1,3
锌芯褌械褉褟褌褜,4,2,3,1
薪械锌褉械写薪邪屑械褉械薪薪褘泄,4,2,3,1
锌芯写邪褔邪,4,2,3,1
谢褍褔懈,4,1,3,2
褍薪懈泻邪谢褜薪褘泄,4,2,1,3
芯褕懈斜泻邪,4,1,2,3
芯褑械锌械薪械薪懈械,4,3,2,1
薪械褋褔邪褋褌薪褘泄,4,2,3,1
褝泻褋泻谢褞蟹懈胁薪褘泄,4,2,1,3
褋芯卸邪谢械薪懈械,4,1,2,3
屑芯谢薪懈褟,4,3,1,2
褋褍写褜斜芯薪芯褋薪褘泄,4,2,3,1
写芯卸写褜,4,3,1,2
褍褋褌邪谢褘泄,4,2,3,1
懈薪褋褌褉褍屑械薪褌,4,2,1,3
褉邪蟹屑褘褕谢褟褌褜,4,1,3,2
谢芯褌械褉械褟,4,2,3,1
屑褘褋谢懈,4,2,1,3
褋胁械褉褔泻懈,4,3,1,2
褋谢褍褔邪泄薪褘泄,4,2,3,1
褋褑械锌谢械薪懈械,4,1,2,3
写械褉卸邪褌褜,4,1,2,3
屑懈谢褘泄,2,4,1,3
锌褍褕懈褋褌褘泄,3,4,2,1
褔懈褋褌褘泄,2,4,3,1
泻芯薪褎械褌褘,3,4,2,1
锌芯泻褍锌泻懈,2,4,1,3
褖械薪芯泻,2,4,1,3
泻芯褌褢薪芯泻,2,4,1,3
芯斜谢邪泻邪,3,4,2,1
锌芯屑邪写邪,1,4,2,3
锌邪褉褎械,2,4,1,3
泻谢褍斜薪懈褔薪褘泄,3,4,2,1
褉芯蟹芯胁褘泄,2,4,1,3
褕芯泻芯谢邪写,2,4,1,3
褋械褉写褑械斜懈械薪懈械,1,4,2,3
锌芯褑械谢褍泄,1,4,2,3
屑械谢芯写懈褟,2,4,1,3
谢械薪褌芯褔泻邪,3,4,1,2
锌褉褘谐褍褔懈泄,2,4,1,3
写芯泻懈-写芯泻懈,2,4,1,3
泻邪胁邪泄懈,2,4,1,3
褞斜泻邪,3,4,1,2
褖褢褔泻懈,3,4,1,2
锌懈褋褜屑芯,2,4,1,3
谢懈锌泻懈泄,3,4,2,1
褍锌褉褍谐懈泄,2,4,1,3
斜谢械褋薪邪,3,4,2,1
锌芯泻谢褢胁泻邪,3,4,2,1
褎邪薪褌邪蟹懈褟,1,4,2,3
褋邪褏邪褉,3,4,2,1
褏懈褏懈泻邪褌褜,3,4,1,2
蟹械褎懈褉,3,4,2,1
锌褉褘卸芯泻,3,4,1,2
锌褉褘卸泻懈,3,4,1,2
屑懈褉,3,4,1,2
胁褉邪褖械薪懈械,3,4,1,2
泻褉褍卸懈褌褜褋褟,3,4,1,2
谢械写械薪械褑,3,4,2,1
锌褍蟹褘褉褜泻懈,3,4,1,2
褕褢锌芯褌,3,4,1,2
谢械褌芯,3,4,1,2
胁芯写芯锌邪写,2,4,3,1
泻褍锌邪谢褜薪懈泻,3,4,1,2
胁邪薪懈谢褜,3,4,2,1
薪邪褍褕薪懈泻懈,3,4,1,2
懈谐褉褘,3,4,1,2
薪芯褋泻懈,3,4,1,2
胁芯谢芯褋褘,2,4,1,3
芯写械褟谢芯,1,4,3,2
屑芯谢芯泻芯,3,4,2,1
写褍褌褜褋褟,3,4,2,1
谐薪械胁,3,4,1,2
锌邪锌邪,3,4,1,2
胁邪谢械薪褌懈薪泻邪,2,4,1,3
屑褘褕褜,2,4,3,1
褋胁懈褋褌芯泻,3,4,1,2
斜褍锌,3,4,1,2
泻褉芯谢懈泻,2,4,1,3
邪薪懈屑械,2,4,1,3
锌褉褘卸芯泻,3,4,1,2
褉邪褋褋褍卸写邪褌褜,1,4,3,2
锌芯薪懈屑邪褌褜,1,4,2,3
谐褉褍斜褘泄,3,4,2,1
芯褌泻褉芯胁械薪懈械,1,4,2,3
泻芯褋邪,2,4,1,3
褋褉邪斜邪褌褘胁邪褌褜,1,4,3,2
蟹邪写懈褉邪,2,4,3,1
芯褌胁褉邪褖械薪懈械,3,4,2,1
斜邪屑,3,4,2,1
褋褍屑邪褋褕械写褕懈泄,3,4,2,1
泻褉芯谢懈泻,2,4,3,1
泻芯褋懈褔泻懈,2,4,1,3
泻邪褔械谢懈,3,4,1,2
懈薪芯褋褌褉邪薪薪褘泄,1,4,2,3
蟹褍斜薪邪褟锌邪褋褌邪,1,4,2,3
屑邪薪谐邪,2,4,1,3
薪械薪邪胁懈褋褌褜,2,4,3,1
斜褉邪褋谢械褌,1,4,2,3
褋谢褍褏懈,2,4,3,1
蟹邪写褘褏邪褌褜褋褟,1,4,2,3
锌芯写薪芯褋,1,4,2,3
褏胁芯褋褌懈泻,2,4,1,3
褍锌邪泻芯胁泻邪,2,4,1,3
芯褌泻邪蟹,1,4,3,2
屑芯褉械,1,4,3,2
褉械褕邪褌褜,1,4,3,2
芯斜褗褟褋薪械薪懈械,1,4,2,3
锌谢褟卸,1,4,3,2
芯褌褉褘卸泻邪,3,4,2,1
褕褍褌泻邪,2,4,3,1
屑谐薪芯胁械薪薪褘泄,1,4,2,3
懈褋泻谢褞褔懈褌褜,1,4,3,2
锌褕械薪懈褑邪,2,4,3,1
谐谢邪写泻懈泄,3,4,2,1
写褍褕,1,4,2,3
蟹邪写褍屑褔懈胁褘泄,1,4,2,3
锌褌懈褑邪,2,4,3,1
泻芯屑锌械褌械薪褌薪褘泄,1,4,2,3
褍褋褘,2,4,1,3
斜褍屑,3,4,2,1
锌械褉械褉褘胁,3,4,2,1
锌芯写邪褉芯泻,2,4,1,3
薪械谢芯谐懈褔薪褘泄,1,4,3,2
薪械蟹褉械谢褘泄,1,4,3,2
泻褍泻谢邪,1,4,2,3
写械褌械泻褌懈胁,3,4,2,1
蟹芯薪褌懈泻,1,4,2,3
褋褍谐芯泄,2,4,1,3
卸械褋褌,3,4,1,2
泻芯褉邪斜谢懈,1,4,3,2
胁芯谢薪褘,1,4,3,2
斜械褋锌芯泻芯泄褋褌胁芯,2,4,3,1
褔邪懈薪泻懈,1,4,3,2
斜褍褌褘谢泻懈,1,4,3,2
薪芯褔械胁泻邪,1,4,3,2
薪械褋褔邪褋褌薪褘泄,2,4,3,1
锌褉懈泻芯褋薪芯胁械薪懈械,1,4,2,3
褋褍褖械褋褌胁械薪薪褘泄,3,4,2,1
锌褉械褉褘胁邪褌褜,1,4,3,2
胁蟹邪懈屑薪芯褋褌褜,1,4,3,2
胁褘蟹芯胁,2,4,3,1
褟蟹褘泻,1,4,2,3
斜械谐谢褘泄,1,4,2,3
薪械褍屑械褋褌薪褘泄,1,4,3,2
芯斜褗褟褋薪械薪懈械,3,4,2,1
锌褉械写邪褌械谢褜褋褌胁芯,2,4,3,1
锌芯写芯蟹褉懈褌械谢褜薪褘泄,3,4,2,1
谢懈褋邪,2,4,3,1
褝泻褋褌褉邪泻褌,1,4,3,2
芯褌褋褍褌褋褌胁懈械,1,4,3,2
斜械褉械谐,1,4,3,2
褌邪褉邪斜邪褉褖懈薪邪,1,4,2,3
褕邪屑锌褍薪褜,1,4,2,3
褍褏屑褘谢泻邪,3,4,1,2
懈谐褉懈胁褘泄,2,4,3,1
斜邪泻邪,2,4,1,3
泻褍泻褍褉褍蟹邪,2,4,3,1
屑懈屑懈泻邪,3,4,1,2
写卸邪泄胁,2,4,3,1
谢械褋,2,4,3,1
邪薪械泻写芯褌,2,4,3,1
懈薪褌械褉薪械褌,2,4,1,3
锌谢邪泻褋懈胁褘泄,3,4,2,1
褋褌懈褋泻懈胁邪薪懈械,3,4,1,2
褔械屑芯写邪薪,1,4,2,3
芯褉谐邪薪懈蟹邪褑懈褟,1,4,2,3
褔械褉褌芯胁泻邪,2,4,3,1
谢褍褔,3,4,1,2
斜懈褌褜,3,4,1,2
褋褞褉锌褉懈蟹,2,4,1,3
屑邪泄芯薪械蟹,3,4,2,1
泻芯薪褎谢懈泻褌,1,4,3,2
泻械泻褋褘,3,4,2,1
谐懈谐懈械薪邪,1,4,2,3
褉邪蟹褍屑薪褘泄,1,4,2,3
胁芯蟹屑褍褌懈褌械谢褜薪褘泄,1,4,3,2
褌芯褋褌褘,3,4,2,1
褟泄褑邪,3,4,2,1
懈薪芯锌谢邪薪械褌褟薪懈薪,1,4,2,3
泻邪褔械谢懈,3,4,1,2
褝屑芯写蟹懈,2,4,1,3
芯褋泻芯褉斜谢械薪懈械,2,4,3,1
褑胁械褌芯褔薪褘泄,1,4,3,2
谢芯胁褍褕泻邪,3,4,1,2
褍屑薪褘泄,1,4,2,3
锌芯谢械胁芯泄,2,4,3,1
褍屑芯蟹邪泻谢褞褔械薪懈械,3,4,2,1
芯薪谢邪泄薪,2,4,1,3
褉邪蟹斜懈胁邪褌褜,3,4,2,1
泻邪褌懈褌褜褋褟,1,4,3,2
谐邪胁,3,4,2,1
褕谢械锌芯泻,2,4,3,1
卸械褋褌芯泻懈泄,3,4,2,1
褋芯芯斜褖械薪懈械,2,4,1,3
薪械屑芯泄,3,4,1,2
蟹邪胁械褉薪褍褌褘泄,1,4,3,2
褕邪薪褌邪卸,2,4,3,1
锌芯写褍褕泻邪,1,4,3,2
谢芯褕邪写褜,2,4,3,1
斜械谐,3,4,1,2
锌芯褟褋,3,4,1,2
锌褉芯褋褌褘薪懈,1,4,3,2
蟹谢芯褍锌芯褌褉械斜谢械薪懈械,2,4,3,1
锌褉邪胁芯薪邪褉褍褕械薪懈械,2,4,3,1
芯卸械褉械谢褜械,1,4,2,3
泻芯褉邪,2,4,1,3
褋芯斜褋褌胁械薪薪褘泄,1,4,3,2
褌械泻褋褌,2,4,1,3
泻谢械胁械褌邪,2,4,3,1
褏懈褏懈泻邪褌褜,3,4,1,2
锌邪褉懈泻屑邪褏械褉,2,4,1,3
屑褘谢芯,1,4,2,3
屑芯谢褔邪褌褜,3,4,1,2
芯斜胁懈薪褟褌褜,2,4,3,1
褋芯斜邪泻邪,2,4,3,1
泻芯褕泻邪,2,4,3,1
薪械胁芯蟹屑芯卸薪芯,1,4,3,2
褋褌懈谢懈褋褌,2,4,1,3
谐芯谢芯写薪褘泄,3,4,1,2
褌懈褏懈泄,3,4,1,2
薪械邪泻泻褍褉邪褌薪褘泄,2,4,3,1
泻芯薪写懈褑懈芯薪械褉,1,4,2,3
写褉械屑邪褌褜,1,4,3,2
写芯薪芯褋,1,4,3,2
薪邪泻谢械泄泻懈,2,4,1,3
蟹邪胁褌褉邪泻,3,4,2,1
褍泻褉邪褕邪褌褜,1,4,2,3
斜械泻芯薪,3,4,2,1
褋褍屑芯褔泻邪,1,4,2,3
锌懈褌芯屑械褑,2,4,1,3
屑芯写邪,3,4,1,2
褏谢芯锌芯褌褘,1,4,3,2
褕泻芯谢褜薪邪褟褋褍屑泻邪,1,4,2,3
褋芯褋褌芯褟褌褜,3,4,2,1
邪褉褌懈泻褍谢懈褉芯胁邪褌褜,1,4,2,3
邪泻褋械褋褋褍邪褉褘,1,4,2,3
褍泻褉邪褕械薪懈褟,1,4,2,3
斜芯谐芯褏褍谢褜褋褌胁芯,1,4,3,2
锌褉懈薪邪写谢械卸薪芯褋褌褜,1,4,3,2
褋褌褉懈卸泻邪,2,4,1,3
褋谐谢邪蟹,3,4,2,1
蟹谢芯斜薪褘泄,2,4,3,1
薪邪写芯械写谢懈胁褘泄,1,4,3,2
褋泻胁械褉薪芯褋谢芯胁懈械,1,4,3,2
褋械褌褜,2,4,1,3
锌芯薪懈,2,4,1,3
泻邪褉褌褘,2,4,1,3
锌械褉械薪芯褋泻邪,1,4,2,3
薪邪写褢卸薪褘泄,1,4,2,3
谐芯谢芯写邪褌褜,3,4,1,2
写褉邪蟹薪懈褌褜,2,4,3,1
写械蟹褍,2,4,1,3
褋写械褉卸懈胁邪褌褜,1,4,2,3
泻褍褋邪褌褜,2,4,3,1
懈谐薪芯褉懈褉芯胁邪褌褜,2,4,3,1
锌褉芯褌懈胁芯褉械褔懈械,1,4,3,2
薪械褍褋褌芯泄褔懈胁褘泄,2,4,3,1
褏谢械斜,3,4,2,1
褋褌芯谢泻薪芯胁械薪懈械,2,4,3,1
褔懈褋褌褘泄,2,4,3,1
蟹邪斜谢褍卸写械薪懈械,2,4,3,1
屑褟褍泻邪褌褜,3,4,2,1
褉邪蟹芯褔邪褉芯胁邪薪懈械,1,4,3,2
谢械褋褌薪懈褑邪,3,4,1,2
锌芯写褌胁械褉写懈褌褜,3,4,2,1
谢邪褋褌芯褔泻邪,3,4,1,2
薪邪褋屑械褕泻邪,2,4,3,1
褉械褕懈屑芯褋褌褜,2,1,4,3
褋邪屑芯褍斜懈泄褋褌胁芯,3,1,4,2
胁芯芯斜褉邪卸械薪懈械,3,1,4,2
褋泻褉褘褌薪褘泄,3,2,4,1
褋褍褖械褋褌胁芯胁邪薪懈械,2,1,4,3
谢褍褔械蟹邪褉薪褘泄,3,2,4,1
斜邪谐褉芯胁褘泄,3,2,4,1
胁懈褏褉褜,3,2,4,1
锌芯褋谢械芯斜褉邪蟹褘,3,2,4,1
谐芯谢芯胁芯泻褉褍卸械薪懈械,1,3,4,2
写械蟹芯褉懈械薪褌懈褉芯胁邪薪薪芯褋褌褜,3,1,4,2
褋褍褖薪芯褋褌褜,2,1,4,3
芯泻褉褍卸械薪懈械,2,1,4,3
斜械褋锌芯褉褟写芯泻,3,2,4,1
蟹邪谐褉褟蟹薪械薪懈械,3,2,4,1
懈薪褌械谢谢械泻褌褍邪谢褜薪褘泄,2,1,4,3
邪薪邪谢懈蟹,2,1,4,3
褝薪褌褉芯锌懈褟,1,2,4,3
斜芯写褉褘泄,3,2,4,1
褋胁械褉褏褗械褋褌械褋褌胁械薪薪褘泄,3,2,4,1
薪械褋芯芯褌胁械褌褋褌胁懈械,2,1,4,3
谐薪械胁,3,2,4,1
薪械斜械褋薪褘泄,2,1,4,3
褉械蟹薪褟,3,2,4,1
褎懈谢芯褋芯褎懈褟,2,1,4,3
锌械褉械屑械薪褔懈胁褘泄,3,1,4,2
褍锌芯褉薪褘泄,3,1,4,2
邪褍褉邪,2,1,4,3
薪械褋褌邪斜懈谢褜薪褘泄,3,1,4,2
懈薪褎械褉薪芯,3,2,4,1
薪械褋锌芯褋芯斜薪褘泄,3,2,4,1
褋褍写褜斜邪,2,1,4,3
薪械锌芯谐褉械褕懈屑褘泄,2,1,4,3
屑褍褔懈褌械谢褜薪褘泄,3,1,4,2
写懈褋锌械褉褋懈褟,3,1,4,2
薪械泻芯薪褌褉芯谢懈褉褍械屑褘泄,3,1,4,2
褝泻褋褌褉械屑邪谢褜薪褘泄,2,1,4,3
斜械谐褋褌胁芯,3,2,4,1
屑械褔褌邪,2,1,4,3
泻邪褌邪褋褌褉芯褎邪,3,1,4,2
褟褉泻懈泄,3,1,4,2
褟褉泻懈泄,1,3,4,2
胁芯锌褉芯褋,1,2,4,3
薪邪谐薪芯械薪懈械,3,2,4,1
芯褋褍卸写械薪懈械,2,1,4,3
泻谢械褌泻邪,1,2,4,3
胁蟹褉褘胁,2,3,4,1
褍写芯胁芯谢褜褋褌胁懈械,1,3,4,2
锌芯褏芯褌褜,1,3,4,2
芯褖褍褖械薪懈械,1,3,4,2
泻褍谢褜屑懈薪邪褑懈褟,1,3,4,2
褝谢械泻褌褉懈褔械褋褌胁芯,1,2,4,3
芯褌褉械泻邪褌褜褋褟,3,1,4,2
锌褉械蟹懈褉邪褌褜,3,2,4,1
斜械褋泻芯薪械褔薪褘泄,2,1,4,3
胁械褔薪芯褋褌褜,2,1,4,3
胁褉械屑褟,2,1,4,3
胁褋械谢械薪薪邪褟,2,1,4,3
斜械褋泻芯薪械褔薪褘泄,2,1,4,3
泻邪锌谢懈写芯卸写褟,3,1,4,2
卸邪卸写邪褌褜,1,3,4,2
斜械蟹褍写械褉卸薪褘泄,3,1,4,2
锌械泄蟹邪卸,2,1,4,3
锌芯褉褌褉械褌,2,1,4,3
锌褍褌械褕械褋褌胁懈械,3,1,4,2
褋泻褍写薪褘泄,3,1,4,2
斜械褋锌芯泻芯泄褋褌胁芯,3,2,4,1
懈褋锌褍谐,3,1,4,2
褍卸邪褋,3,1,4,2
屑械谢邪薪褏芯谢懈褟,3,1,4,2
锌褉芯蟹褉械薪懈械,2,1,4,3
懈褋泻褍锌谢械薪懈械,3,1,4,2
写褘褕邪褌褜,1,3,4,2
锌谢械薪薪懈泻,3,1,4,2
卸械谢邪薪懈械,1,3,4,2
泻谢邪写斜懈褖械,3,2,4,1
芯褉懈芯薪,1,3,4,2
谐褉芯褏芯褌,2,3,4,1
屑械写邪谢褜,2,3,4,1
泻芯谢械斜谢褞褖懈泄褋褟,3,1,4,2
褉邪褋褋褘锌邪褌褜褋褟,1,3,4,2
邪褌屑芯褋褎械褉邪,1,2,4,3
褟写械褉薪褘泄,1,2,4,3
谐械褉泻褍谢械褋,1,3,4,2
褉邪蟹褉邪褋褌邪褌褜褋褟,2,3,4,1
褋泻褍写薪褘泄,3,1,4,2
蟹邪谐邪写芯褔薪褘泄,1,3,4,2
懈薪胁邪蟹懈胁薪褘泄,2,3,4,1
褋懈屑褍谢褟泻褉,3,2,4,1
锌褉芯锌邪褋褌褜,1,2,4,3
褉邪褋褎芯褉屑懈褉芯胁邪薪懈械,1,3,4,2
褋锌芯薪褌邪薪薪褘泄,1,3,4,2
芯蟹邪褉械薪懈械,3,2,4,1
褉邪褋褋锌褉邪褕懈胁邪褌褜,1,2,4,3
写芯锌褉邪褕懈胁邪褌褜,1,2,4,3
锌褉械写锌芯谢邪谐邪褌褜,1,2,4,3
褋褌褉褍泻褌褍褉懈褉芯胁邪薪薪褘泄,1,2,4,3
谢芯谐懈褔械褋泻懈泄,1,2,4,3
褎褍薪写邪屑械薪褌邪谢褜薪褘泄,2,3,4,1
邪褉芯屑邪褌,1,2,4,3
谢械蟹胁懈械,2,3,4,1
锌械褉胁懈褔薪褘泄,3,2,4,1
褍褋褌芯褟胁褕懈泄褋褟,2,1,4,3
蟹邪锌邪褏,1,2,4,3
锌褉懈蟹薪邪泻,2,3,4,1
写褍褏,2,1,4,3
褉械蟹泻邪,2,3,4,1
褌邪泄薪褘泄,1,3,4,2
泻芯谢写芯胁邪褌褜,3,1,4,2
锌褉懈褌褟卸械薪懈械,2,1,4,3
懈褋泻褍锌懈褌褜,3,1,4,2
邪褎褉芯写懈褌邪,1,3,4,2
懈谢谢褞蟹懈褟,2,1,4,3
泻芯谢械斜邪薪懈械,2,1,4,3
褎芯薪邪褉褜,3,2,4,1
薪械褉胁,3,2,4,1
邪褉泻邪薪,1,3,4,2
薪械卸械谢邪褌械谢褜薪褘泄,2,3,4,1
锌褉懈薪褑懈锌,1,2,4,3
褋芯褋褍写,1,2,4,3
锌褉懈蟹,2,3,4,1
褉褍褔泻邪,2,3,4,1
懈薪褌懈屑薪褘泄,1,3,4,2
褉邪褋褏芯写懈褌褜褋褟,1,3,4,2
锌褍褋褌芯褌邪,1,2,4,3
薪邪泻邪谢懈胁邪薪懈械,3,2,4,1
蟹邪锌褉芯褋,1,2,4,3
屑邪褌械褉懈邪谢,1,2,4,3
褋屑邪泻芯胁邪褌褜,1,3,4,2
斜谢械褋褌褟褖懈泄,2,1,4,3
泻褉邪泄,2,3,4,1
褋胁械褉泻邪褌褜,3,2,4,1
懈褋褔械蟹邪褌褜,1,3,4,2
褋芯械写懈薪褟褌褜褋褟,2,3,4,1
薪械锌芯蟹薪邪胁邪械屑褘泄,1,3,4,2
锌褉芯斜褍卸写邪褌褜,1,3,4,2
械褋褌械褋褌胁械薪薪褘泄,2,3,4,1
褍褉邪谐邪薪,3,1,4,2
写懈锌谢芯屑,2,3,4,1
懈蟹胁懈薪褟褌褜褋褟,3,1,4,2
芯褋褍卸写邪褌褜,3,2,4,1
薪芯卸,2,3,4,1
薪械褍褏芯卸械薪薪褘泄,3,2,4,1
薪邪斜谢褞写械薪懈械,2,3,4,1
蟹邪泻芯薪褋械褉胁懈褉芯胁邪薪薪褘泄,2,3,4,1
薪械芯斜懈褌邪械屑褘泄,2,3,4,1
锌褉芯锌邪褋褌褜,1,2,4,3
邪薪褌邪谐芯薪懈蟹懈褉芯胁邪褌褜,3,2,4,1
褍褋褍谐褍斜谢褟褌褜,3,1,4,2
锌褉芯斜褍卸写邪褌褜,1,3,4,2
胁芯蟹屑褍褖邪褌褜褋褟,3,2,4,1
褋谢邪卸械薪薪褘泄,1,2,4,3
锌芯谢蟹褌懈,2,1,4,3
懈薪褋懈薪褍邪褑懈褟,2,3,4,1
写芯褋褌懈卸械薪懈械,2,3,4,1
锌邪褉芯谢褜,1,3,4,2
蟹邪泻褉褘褌褘泄,1,3,4,2
褌械褉褉芯褉,3,1,4,2
泻胁邪薪褌,1,2,4,3
谐褉褟蟹褜,3,2,4,1
懈蟹芯斜褉邪卸邪褌褜,3,1,4,2
协写懈锌,1,3,4,2
褋芯懈褌懈械,1,3,4,2
芯斜褉邪褖械薪懈械,2,3,4,1
褉械胁械褉斜械褉邪褑懈褟,2,3,4,1
胁褘褏芯写,1,2,4,3
屑邪谐薪懈褌薪褘泄,2,1,4,3
褌褉芯褎械泄,2,3,4,1
胁懈褏褉褜,3,2,4,1
芯泻邪屑械薪械谢褘泄,3,2,4,1
懈蟹芯斜褉邪卸邪褌褜,3,1,4,2
写械褌芯薪邪褑懈褟,2,3,4,1
薪械懈蟹斜械卸薪褘泄,3,1,4,2
锌褉懈褌褟谐懈胁邪褌褜,2,1,4,3
褉邪褋锌芯谢芯卸械薪薪褘泄,1,2,4,3
褋懈屑胁芯谢懈蟹屑,2,3,4,1
蟹邪屑褘褋谢芯胁邪褌褘泄,2,1,4,3
懈蟹谢懈褟薪懈械,1,2,4,3
薪械胁械褉芯褟褌薪褘泄,1,2,4,3
薪械褌褉芯薪褍褌褘泄,2,3,4,1
谐懈谐邪薪褌褋泻懈泄,1,2,4,3
薪械锌芯写胁懈卸薪褘泄,3,1,4,2
褕褌芯褉屑,3,1,4,2
胁蟹褉褘胁薪芯泄,2,3,4,1
蟹邪褟写谢褘泄,1,3,4,2
锌褉械褋褌褍锌薪懈泻,2,3,4,1
锌褉懈斜芯褉,1,2,4,3
泻邪褋泻邪写,1,2,4,3
懈褋泻邪卸邪褌褜,1,3,4,2
写芯懈褋褌芯褉懈褔械褋泻懈泄,2,3,4,1
褋胁褟蟹薪褘泄,1,2,4,3
锌褉械写懈泻邪褌,1,2,4,3
薪邪胁褟蟹褔懈胁褘泄,2,1,4,3
褋芯斜谢邪蟹薪褟褌褜,1,3,4,2
锌褉懈蟹褉邪泻,2,1,4,3
褋褉邪胁薪懈胁邪褌褜,2,1,4,3
泻芯谢谢邪锌褋,2,1,4,3
褋褏芯写懈褌褜褋褟,2,1,4,3
褋懈谢邪,2,3,4,1
薪械懈褋泻褉械薪薪懈泄,3,1,4,2
泻芯褉褉褍锌褑懈褟,2,3,4,1
褋芯芯褌胁械褌褋褌胁芯胁邪褌褜,2,1,4,3
褉械蟹泻懈泄,2,3,4,1
芯谢懈屑锌懈泄褋泻懈泄,2,3,4,1
褝泻褋锌褉芯屑褌,1,3,4,2
褔邪褋褌薪褘泄,1,3,4,2
锌褉懈褞褌,1,2,4,3
写懈芯薪懈褋,1,3,4,2
斜谢械褋泻,3,2,4,1
薪邪锌褉褟卸械薪懈械,1,2,4,3
锌芯写褌械泻褋褌,2,3,4,1
芯蟹薪邪褔邪褌褜,2,3,4,1
屑械褔,2,3,4,1
锌芯锌褉邪胁泻邪,3,1,4,2
懈蟹谐芯泄,3,1,4,2
谐褉芯屑芯芯褌胁芯写,3,1,4,2
锌芯谢芯褋褌褜,1,2,4,3
褋懈薪谐褍谢褟褉薪芯褋褌褜,1,3,4,2
卸邪褋屑懈薪,1,2,4,3
褌芯泻,1,2,4,3
褉邪蟹褉褍褕械薪懈械,1,3,4,2
懈蟹胁褉邪褖械薪薪褘泄,2,3,4,1
褋锌邪褋械薪懈械,3,2,4,1
褋胁械褌懈谢褜薪懈泻,3,2,4,1
锌褍褋褌芯褌邪,1,2,4,3
褌褉械斜芯胁邪薪懈械,1,2,4,3
懈蟹屑械薪褔懈胁褘泄,3,1,4,2
谐芯褉械褌褜,2,3,4,1
褋芯锌褉芯褌懈胁谢械薪懈械,1,2,4,3
邪褏懈谢谢,1,3,4,2
谢懈屑斜,3,2,4,1
谐褉褍锌锌邪,2,1,4,3
邪写邪屑邪薪褌,2,1,4,3
谢邪写邪薪,1,2,4,3
懈薪褋褌懈薪泻褌,3,2,4,1
锌褍谢褜褋邪褑懈褟,1,3,4,2
泻芯屑锌褉芯屑懈褋褋,3,1,4,2
褉械蟹芯薪邪薪褋,2,3,4,1
褌谢械薪懈械,1,2,4,3
懈薪褎邪薪褌懈谢褜薪芯褋褌褜,3,2,4,1
屑褉邪褔薪褘泄,3,1,4,2
褋芯芯褌胁械褌褋褌胁褍褞褖懈泄,1,2,4,3
褌褉邪胁屑懈褉芯胁邪褌褜,3,1,4,2
卸邪谢泻懈泄,3,2,4,1
褔懈褋褌懈谢懈褖械,3,2,4,1
褋懈蟹懈褎,1,3,4,2
薪械薪邪胁懈褋褌褜,3,2,4,1
褋锌懈褉邪谢褜,3,2,4,1
褌褉懈褍屑褎邪谢褜薪褘泄,2,3,4,1
泻芯薪褌懈薪械薪褌邪谢褜薪褘泄,3,2,1,4
邪谢褜褌,3,1,2,4
芯斜懈写邪,3,1,2,4
斜褍写褍褖械械,3,1,2,4
褍胁械褉械薪薪芯褋褌褜,3,2,1,4
锌褘谢泻芯褋褌褜,3,2,1,4
胁褋械胁械写械薪懈械,3,1,2,4
卸械谢邪薪懈械,3,2,1,4
褉械邪谢褜薪芯褋褌褜,3,1,2,4
芯斜械褋锌械褔懈胁邪褌褜,3,2,1,4
懈褋褏芯写褟褖懈泄,3,2,1,4
锌芯写写械褉卸泻邪,3,2,1,4
泻褍屑懈褉,3,1,2,4
褋泻褉懈锌泻邪,3,1,2,4
芯褌写械谢褜薪褘泄,3,2,1,4
锌褍褌褜,3,2,1,4
褖械写褉褘泄,3,1,2,4
薪械写芯褋褌邪褌芯褔薪褘泄,3,2,1,4
锌褉芯褋褌褉邪薪褋褌胁芯,3,1,2,4
褎芯褉褌械锌懈邪薪芯,3,1,2,4
泻芯薪械褔薪褘泄,3,1,2,4
锌械褉械泻褉械褋褌芯泻,3,2,1,4
褋褌褉械褋褋,3,2,1,4
褉械锌褍褌邪褑懈褟,3,1,2,4
屑邪褉褕褉褍褌,3,2,1,4
斜谢邪谐芯卸械谢邪褌械谢褜薪褘泄,3,1,2,4
褍锌芯谢薪芯屑芯褔械薪薪褘泄,3,1,2,4
褋褍写褜斜邪,3,1,2,4
芯斜褖懈褌械谢褜薪褘泄,3,2,1,4
写褍褕邪,3,1,2,4
褉械胁薪芯褋褌褜,3,2,1,4
屑芯褌懈胁邪褑懈褟,3,2,1,4
胁褘斜芯褉,3,2,1,4
薪械卸薪芯褋褌褜,3,1,2,4
写芯谢谐,3,1,2,4
谐芯斜芯泄,3,1,2,4
褉邪褋褋褌芯褟薪懈械,3,2,1,4
屑芯写械谢褜,3,1,2,4
褋芯胁械褉褕械薪褋褌胁芯胁邪薪懈械,3,2,1,4
褌械褉锌械薪懈械,3,1,2,4
写邪胁谢械薪懈械,3,1,2,4
褝泻褋褌褉邪胁械褉褌,3,2,1,4
褉邪褋泻邪懈胁邪褌褜褋褟,3,1,2,4
芯褌胁械褌褋褌胁械薪薪芯褋褌褜,3,2,1,4
芯褌褔邪褟薪懈械,3,2,1,4
褋芯褑懈邪谢褜薪褘泄,3,2,1,4
胁芯谢褟,3,2,1,4
写芯斜褉芯卸械谢邪褌械谢褜薪芯褋褌褜,3,2,1,4
锌褉芯写褍泻褌懈胁薪褘泄,3,2,1,4
芯褋褌邪胁谢械薪懈械,3,1,2,4
薪邪屑械褉械薪懈褟,3,1,2,4
胁械卸谢懈胁褘泄,3,1,2,4
褋胁芯斜芯写邪,3,2,1,4
褌褉褍斜邪,3,1,2,4
褋芯胁械褌,3,2,1,4
芯褌泻褉芯胁械薪懈械,3,1,2,4
蟹薪邪薪懈械,3,2,1,4
芯褌屑械薪懈褌褜,3,1,2,4
芯褌泻邪蟹褘胁邪褌褜褋褟,3,1,2,4
懈薪褌械褉械褋薪褘泄,3,2,1,4
锌械褉褎械泻褑懈芯薪懈褋褌,3,2,1,4
锌芯锌褍谢褟褉薪褘泄,3,1,2,4
锌褉懈谐谢邪褕械薪懈械,3,2,1,4
锌芯谢械蟹薪褘泄,3,2,1,4
褎谢械泄褌邪,3,1,2,4
薪械褉邪蟹谢褍褔薪褘泄,3,2,1,4
写械蟹懈褋褌械薪褑懈褟,3,1,2,4
褎邪褋邪写,3,1,2,4
褝泻蟹懈褋褌械薪褑懈邪谢褜薪褘泄,3,1,2,4
锌褉械蟹褉械薪薪褘泄,3,2,1,4
褉械褋褍褉褋,3,2,1,4
懈褉褉邪褑懈芯薪邪谢褜薪褘泄,3,2,1,4
薪械锌芯谢薪芯褑械薪薪褘泄,3,2,1,4
褎械褋褌懈胁邪谢褜,3,2,1,4
胁懈芯谢芯薪褔械谢褜,3,1,2,4
斜芯褉褜斜邪,3,2,1,4
胁懈蟹懈褌,3,2,1,4
谢懈写械褉褋褌胁芯,3,1,2,4
锌褉械蟹懈写械薪褌,3,1,2,4
褋芯胁械褉褕械薪褋褌胁芯,3,1,2,4
褋懈谢邪,3,2,1,4
泻谢褍斜,3,1,2,4
邪胁褌芯褉懈褌械褌,3,1,2,4
褍斜械卸写邪褌褜,1,3,2,4
斜谢芯泻薪芯褌,1,3,2,4
锌褉械写褋褌邪胁懈褌褜,2,3,1,4
褝褋泻邪锌邪写邪,2,3,1,4
邪锌谢芯写懈褋屑械薪褌褘,2,3,1,4
褍写邪谢械薪懈械,1,3,2,4
斜械褋锌褉械褑械写械薪褌薪褘泄,1,3,2,4
薪械锌芯褏芯卸懈泄,1,3,2,4
褋褌邪褉邪褌械谢褜薪褘泄,2,3,1,4
褉邪褋褋褍写懈褌械谢褜薪褘泄,1,3,2,4
褉褍泻芯锌懈褋薪褘泄,1,3,2,4
芯斜芯褋薪芯胁邪薪薪褘泄,1,3,2,4
屑薪械薪懈械,1,3,2,4
懈褋褌懈薪邪,1,3,2,4
泻芯屑锌懈谢褟褑懈褟,1,3,2,4
褟斜谢芯泻芯,2,3,1,4
锌褉械褋褌懈卸,2,3,1,4
谢懈褔薪芯褋褌褜,1,3,2,4
褎褍褌斜芯谢,2,3,1,4
邪褌谢械褌懈泻邪,2,3,1,4
锌懈褋邪褌褜,1,3,2,4
褋芯谢懈锌褋懈蟹屑,2,3,1,4
斜懈薪邪褉薪褘泄,1,3,2,4
褍锌芯褉褋褌胁芯,2,3,1,4
写芯泻邪蟹邪褌械谢褜褋褌胁邪,1,3,2,4
褌械薪薪懈褋,2,3,1,4
褍褋锌械褏,2,3,1,4
褍锌芯褉褋褌胁芯,2,3,1,4
邪褉褌懈褋褌懈蟹屑,2,3,1,4
褎褍褌斜芯谢,2,3,1,4
谢懈褔薪芯褋褌褜,1,3,2,4
锌褉械蟹械薪褌邪褑懈褟,2,3,1,4
谢芯胁泻芯褋褌褜,2,3,1,4
褌邪泻褌懈褔薪褘泄,1,3,2,4
芯胁芯褖懈,2,3,1,4
谐邪褉薪械褉,2,3,1,4
褌邪谢邪薪褌谢懈胁褘泄,2,3,1,4
泻褉芯褋褋芯胁械褉,2,3,1,4
泻芯褎械,2,3,1,4
懈屑懈褌邪褑懈褟,2,3,1,4
懈薪褌芯薪邪褑懈褟,2,3,1,4
谢懈薪懈褟,1,3,2,4
薪械锌褉械褉褘胁薪芯褋褌褜,2,3,1,4
蟹邪泻谢褞褔械薪懈械,2,3,1,4
泻邪褉邪薪写邪褕,1,3,2,4
胁芯蟹褉邪卸邪褌褜,1,3,2,4
褔械褉薪懈谢邪,1,3,2,4
锌谢邪胁邪薪懈械,2,3,1,4
褉械褋褌芯褉邪薪,2,3,1,4
褏邪褉懈蟹屑邪,2,3,1,4
褌褉褍写芯谢褞斜懈胁褘泄,2,3,1,4
褋锌芯褉褌,2,3,1,4
锌械褉械蟹邪谐褉褍蟹泻邪,2,3,1,4
写械斜邪褌褘,1,3,2,4
褌褉邪胁谢械薪懈械,1,3,2,4
褉械褋褌懈褌褍褑懈褟,1,3,2,4
锌芯蟹懈褑懈褟,1,3,2,4
斜邪褋泻械褌斜芯谢,2,3,1,4
泻邪谢谢懈谐褉邪褎懈褟,1,3,2,4
锌芯褋褍写邪,1,3,2,4
芯斜胁懈薪械薪懈械,1,3,2,4
泻懈褋褌褜,1,3,2,4
泻谢邪胁懈邪褌褍褉邪,1,3,2,4
邪褉谐褍屑械薪褌,1,3,2,4
芯褌写械谢褜薪褘泄,1,3,2,4
斜褍屑邪谐邪,1,3,2,4
褏邪褉邪泻褌械褉,2,3,1,4
褋褌褉械屑谢械薪懈械,2,3,1,4
锌褉邪胁芯褋褍写懈械,1,3,2,4
锌褉械褑械写械薪褌,1,3,2,4
械写邪,2,3,1,4
懈薪褌械褉胁邪谢,1,3,2,4
泻邪谢褜屑邪褉,2,3,1,4
芯锌褉械写械谢褢薪薪褘泄,1,3,2,4
褉邪褋泻邪褟薪懈械,1,3,2,4
懈薪褌械褉胁邪谢,1,3,2,4
泻邪谢褜屑邪褉,2,3,1,4
芯锌褉械写械谢褢薪薪褘泄,1,3,2,4
褉褍褔泻邪,1,3,2,4
锌褉芯谐褉邪屑屑懈褉芯胁邪薪懈械,1,3,2,4
褑械薪薪芯褋褌褜,2,3,1,4
写懈泻褑懈褟,2,3,1,4
褋芯锌械褉薪懈褔械褋褌胁芯,2,3,1,4
邪褉斜褍蟹,2,3,1,4
泻芯写,1,3,2,4
褌褉邪薪褋褑械薪写械薪褌薪褘泄,2,3,1,4
泻薪懈谐邪,1,2,3,4
褔褍胁褋褌胁芯,2,1,3,4
褋邪锌褎懈褉,2,1,3,4
锌芯褝屑邪,1,2,3,4
锌械褉懈褎械褉懈褟,2,1,3,4
屑械薪褌邪谢懈褌械褌,2,1,3,4
胁褘写邪褞褖懈泄褋褟,1,2,3,4
屑褍蟹邪,1,2,3,4
锌芯写写械褉卸泻邪,1,2,3,4
懈褋泻褍褋褋褌胁械薪薪褘泄,2,1,3,4
薪械蟹邪胁懈褋懈屑褘泄,2,1,3,4
锌懈褌芯薪,2,1,3,4
芯写懈薪芯褔械褋褌胁芯,2,1,3,4
邪斜褋褌褉邪泻褌薪褘泄,2,1,3,4
谢械褌邪褉谐懈褟,2,1,3,4
锌邪褉邪谢谢械谢褜,1,2,3,4
芯褉褌芯写芯泻褋邪谢褜薪褘泄,1,2,3,4
斜械褋褋懈谢懈械,2,1,3,4
斜褉懈谢谢懈邪薪褌,2,1,3,4
褍褔械斜薪懈泻,1,2,3,4
锌褉芯锌懈褌邪薪懈械,2,1,3,4
胁芯芯斜褉邪卸械薪懈械,2,1,3,4
褟褋薪芯胁懈写褟褖懈泄,2,1,3,4
褎芯褉屑邪谢褜薪褘泄,1,2,3,4
胁懈蟹褍邪谢懈蟹邪褑懈褟,2,1,3,4
谐褉邪薪写懈芯蟹薪褘泄,1,2,3,4
褋邪屑芯褋芯蟹薪邪薪懈械,2,1,3,4
谢懈薪谐胁懈褋褌懈褔械褋泻懈泄,1,2,3,4
械写懈薪褘泄,1,2,3,4
褋懈屑褎芯薪懈褟,1,2,3,4
谢懈褔薪芯褋褌褜,1,2,3,4
褋械褉写械褔薪褘泄,1,2,3,4
胁薪懈屑邪褌械谢褜薪褘泄,2,1,3,4
邪屑斜懈胁邪谢械薪褌薪褘泄,2,1,3,4
褍斜褍薪褌褍,2,1,3,4
屑械写懈褌懈褉芯胁邪褌褜,2,1,3,4
褉邪蟹褗械写懈薪械薪懈械,2,1,3,4
褍褔懈褌褜褋褟,1,2,3,4
褎邪泻褍谢褜褌械褌,1,2,3,4
蟹薪邪褔懈屑芯褋褌褜,1,2,3,4
谐邪褉屑芯薪懈褟,1,2,3,4
锌褉芯蟹褉械薪懈械,2,1,3,4
懈蟹褍屑褉褍写薪褘泄,2,1,3,4
褍胁械泻芯胁械褔懈褌褜,2,1,3,4
褝蟹芯褌械褉懈泻邪,1,2,3,4
褉邪褋泻褉褘胁邪褌褜,1,2,3,4
邪泻泻芯褉写,1,2,3,4
褎谢械谐屑邪褌懈泻,1,2,3,4
锌芯褝蟹懈褟,1,2,3,4
芯褌褔褍卸写械薪懈械,2,1,3,4
褋褌褉褍泻褌褍褉邪,2,1,3,4
褋芯褔懈薪褟褌褜,1,2,3,4
褉褍斜懈薪,2,1,3,4
褌胁芯褉褔械褋褌胁芯,2,1,3,4
薪邪蟹薪邪褔械薪懈械,1,2,3,4
褏芯谢械褉懈泻,1,2,3,4
胁褉械屑褟锌褉械锌褉芯胁芯卸写械薪懈械,2,1,3,4
邪谢谐芯褉懈褌屑,2,1,3,4
褋械褉械斜褉芯,2,1,3,4
蟹邪褌胁芯褉薪懈褔械褋褌胁芯,2,1,3,4
褝屑芯褑懈褟,2,1,3,4
胁褘褋褌褍锌谢械薪懈械,1,2,3,4
褕泻芯谢邪,1,2,3,4
褍褔邪褋褌懈械,2,1,3,4
褋谢芯胁邪,1,2,3,4
褉芯屑邪薪,1,2,3,4
锌芯胁械褋褌胁芯胁邪薪懈械,2,1,3,4
褋懈薪褌邪泻褋懈褋,2,1,3,4
邪锌芯泻褉懈褎懈褔械褋泻懈泄,1,2,3,4
薪邪锌褘褖械薪薪褘泄,1,2,3,4
锌芯写褋芯蟹薪邪薪懈械,2,1,3,4
屑械褌邪褎芯褉邪,1,2,3,4
懈薪褌械谢谢械泻褌,1,2,3,4
谢懈褌械褉邪褌褍褉邪,1,2,3,4
芯褑械薪泻邪,1,2,3,4
褋写械褉卸懈胁邪薪懈械,2,1,3,4
褍械写懈薪械薪懈械,2,1,3,4
锌械褉胁芯蟹写邪薪薪褘泄,1,2,3,4
褋邪薪谐胁懈薪懈泻,1,2,3,4
锌褋懈褏懈泻邪,1,2,3,4
褋懈屑胁芯谢,1,2,3,4
写懈褋褋芯褑懈邪褑懈褟,2,1,3,4
褔械褉褌邪,1,2,3,4
蟹芯谢芯褌芯泄,2,1,3,4
褍写械褉卸邪薪懈械,2,3,1,4
邪谢褔薪芯褋褌褜,3,3,1,4
褍谐谢褍斜谢褟褌褜褋褟,3,2,1,4
芯褌褋械懈胁邪薪懈械,1,2,2,4
