#File format: word,sPoint,nPoint,yPoint,mPoint
褋褔邪褋褌褜械, 4, 3, 1, 2
锌械褔邪谢褜, 4, 3, 1, 2
褋屑械褉褌褜, 4, 1, 2, 3
褌褉邪谐械写懈褟,4,1,2,3
芯写懈薪芯褔械褋褌胁芯, 4, 1, 2, 3
谢褞斜芯胁褜,4,2,1,3
锌褉懈泻谢褞褔械薪懈械,4,3,1,2
褋谢邪写泻懈泄,4,2,1,3
胁芯谢薪械薪懈械,4,2,1,3
褎械泄械褉胁械褉泻,4,3,2,1
褉芯屑邪薪褌懈泻邪,4,2,1,3
褋谢褢蟹褘,4,1,2,3
写械锌褉械褋褋懈褟,4,1,3,2
褋械褉写褑械,4,2,1,3
斜褉邪泻,4,2,1,3
褋褌褉邪褋褌褜,4,2,1,3
写械褌褋褌胁芯,4,3,2,1
胁械褋械谢褜械,4,3,1,2
褑胁械褌,4,3,2,1
薪邪写械卸写邪,4,2,3,1
写褉褍蟹褜褟,4,3,1,2
褋械屑褜褟,4,2,1,3
胁械褔械褉懈薪泻邪,4,3,2,1
芯褌锌褍褋泻,4,3,1,2
谢械薪褜,4,3,2,1
屑械褔褌邪, 4,1,2,3
斜芯谢褜,4,2,3,1
芯褌锌褍褋泻,4,3,1,2
泻褉芯胁邪褌褜,4,3,1,2
锌械褉芯,4,3,2,1
褋褌褘写,4,2,3,1
褋褌褉邪褏,4,1,3,2
褌械锌谢芯,4,3,1,2
褑胁械褌芯泻,4,3,1,2
泻芯屑褎芯褉褌,4,3,1,2
褌邪薪褑械胁邪褌褜, 4,2,1,3
锌械褌褜, 4,2,1,3
锌谢邪泻邪褌褜, 4,1,2,3
褋屑械褟褌褜褋褟, 4,3,1,2
褌械屑薪褘泄, 4,2,3,1
褋芯谢薪械褔薪褘泄, 4,3,1,2
褌褍褔邪,4,3,2,1
褋锌芯泻芯泄薪褘泄,4,1,3,2
谐谢褍锌褘泄,4,3,2,1
谢械褌褟褖懈泄,4,3,2,1
褔褍写械褋薪褘泄,4,3,2,1
斜械蟹芯褌胁械褌薪褘泄,4,1,2,3
褉芯蟹邪,4,1,2,3
胁屑械褋褌械,4,2,1,3
芯斜械褖邪薪懈械, 4, 2, 1, 3
芯褔邪褉芯胁邪薪懈械,4,3,2,1
泻褉邪褋芯褌邪,4,2,1,3
胁械褋械谢褜械,4,3,2,1
褍谢褘斜泻邪,4,2,1,3
褉邪蟹斜懈褌褘泄,4,1,2,3
写褉邪谐芯褑械薪薪褘泄,4,2,1,3
屑芯谢懈褌胁邪,4,1,3,2
薪械褍泻谢褞卸懈泄,4,3,2,1
锌褉芯褖邪褌褜,4,2,3,1
锌褉懈褉芯写邪,4,3,1,2
芯泻械邪薪,4,3,1,2
芯褋谢械锌懈褌械谢褜薪褘泄,4,3,2,1
芯褋芯斜械薪薪褘泄, 4,2,1,3
屑褍蟹褘泻邪, 4,2,1,3
褍写邪褔邪, 4,3,2,1
薪械褋褔邪褋褌褜械, 4,2,3,1
谐褉芯屑泻懈泄,4,3,1,2
褋锌芯泻芯泄薪褘泄,4,1,3,2
褉邪写芯褋褌褜,4,1,3,2
蟹邪泻邪褌,4,3,1,2
褋胁械褌谢褟褔泻懈,4,3,2,1
褉邪写褍谐邪,4,3,1,2
斜芯谢褜,4,2,3,1
懈谐褉邪褌褜, 4,3,2,1
懈褋泻褉邪,4,3,2,1
褕褉邪屑褘,4,2,3,1
锌褍褋褌芯泄,4,1,2,3
褍写懈胁懈褌械谢褜薪褘泄,4,3,2,1
谐芯褉械, 4, 1, 3, 2
芯斜褗褟褌懈褟,4,1,2,3
薪械芯斜褘泻薪芯胁械薪薪褘泄,4,2,1,3
锌芯褌褉褟褋邪褞褖懈泄,4,3,2,1
锌芯褉邪卸械薪懈械,4,1,3,2
斜械蟹薪邪写褢卸薪褘泄,4,1,2,3
褋褌褉邪写邪薪懈械,4,1,3,2
褋芯泻褉芯胁懈褖械,4,3,1,2
斜谢邪卸械薪褋褌胁芯,4,2,1,3
胁芯褋锌芯屑懈薪邪薪懈褟,4,2,1,3
谢邪褋泻芯胁褘泄, 4, 1, 2, 3
锌芯谢薪芯褔褜,4,2,3,1
芯斜褗褟褌懈褟,4,1,2,3
写芯卸写褜,4,3,1,2
褋谢褍褔邪泄薪褘泄, 4, 2, 3, 1
屑懈谢褘泄,2,4,1,3
锌褍褕懈褋褌褘泄,3,4,2,1
褔懈褋褌褘泄,2,4,3,1
泻芯薪褎械褌褘,3,4,2,1
锌芯泻褍锌泻懈,2,4,1,3
褖械薪芯泻, 2,4,1,3
泻芯褌褢薪芯泻, 2,4,1,3
芯斜谢邪泻邪,3,4,2,1
锌芯屑邪写邪,1,4,2,3
锌邪褉褎械, 2,4,1,3
泻谢褍斜薪懈褔薪褘泄, 3,4,2,1
褉芯蟹芯胁褘泄, 2,4,1,3
褕芯泻芯谢邪写,2,4,1,3
褋械褉写褑械斜懈械薪懈械,1,4,2,3
锌芯褑械谢褍泄, 1,4,2,3
屑械谢芯写懈褟, 2,4,1,3
谢械薪褌芯褔泻邪, 3,4,1,2
锌褉褘谐褍褔懈泄, 2,4,1,3
写芯泻懈-写芯泻懈, 2,4,1,3
泻邪胁邪泄懈, 2,4,1,3
褞斜泻邪,3,4,1,2
褖褢褔泻懈,3,4,1,2
锌懈褋褜屑芯, 2,4,1,3
谢懈锌泻懈泄,3,4,2,1
褍锌褉褍谐懈泄, 2,4,1,3
斜谢械褋褌褟褖懈泄, 3,4,2,1
泻谢械胁邪褌褜, 3,4,2,1
褎邪薪褌邪蟹懈褟,1,4,2,3
褋邪褏邪褉薪褘泄,3,4,2,1
褏懈褏懈泻邪褌褜,3,4,1,2
蟹械褎懈褉,3,4,2,1
锌褉褘卸芯泻,3,4,1,2
锌褉褘卸泻懈, 3,4,1,2
屑懈褉, 3,4,1,2
胁褉邪褖械薪懈械, 3,4,1,2
泻褉褍卸懈褌褜褋褟, 3,4,1,2
谢械写械薪械褑, 3,4,2,1
锌褍褎, 3,4,2,1
锌褍蟹褘褉褜泻懈,3,4,1,2
褕械锌芯褌, 3,4,1,2
谢械褌芯,3,4,1,2
胁芯写芯锌邪写,2,4,3,1
泻褍锌邪谢褜薪懈泻,3,4,1,2
胁邪薪懈谢褜, 3,4,2,1
薪邪褍褕薪懈泻懈,3,4,1,2
懈谐褉褘,3,4,1,2
薪芯褋泻懈,3,4,1,2
胁芯谢芯褋褘,2,4,1,3
薪芯褔薪褍褕泻邪,1,4,3,2
芯写械褟谢芯,1,4,3,2
屑芯谢芯泻芯,3,4,2,1
写褍褌褜褋褟, 3,4,2,1
谐薪械胁,3,4,1,2
锌邪锌邪, 3,4,1,2
胁邪谢械薪褌懈薪泻邪,2,4,1,3
屑褘褕褜,2,4,3,1
褋胁懈褋褌芯泻,3,4,1,2
斜褍锌, 3,4,1,2
泻褉芯谢懈泻, 2,4,1,3
邪薪懈屑械, 2,4,1,3
锌褉褘卸芯泻,3,4,1,2
谐懈谐懈械薪邪, 1,4,2,3
屑芯写邪,3,4,1,2
褉械褕懈屑芯褋褌褜,2,1,4,3
褋邪屑芯褍斜懈泄褋褌胁芯,3,1,4,2
胁芯芯斜褉邪卸械薪懈械,3,1,4,2
褋泻褉褘褌薪芯褋褌褜,3,2,4,1
卸懈蟹薪械褋锌芯褋芯斜薪芯褋褌褜,1,3,4,2
褋褍褖械褋褌胁芯胁邪薪懈械,2,1,4,3
谢褍褔械蟹邪褉薪褘泄, 3,2,4,1
斜邪谐褉芯胁褘泄,3,2,4,1
胁懈褏褉褜,3,2,4,1
锌芯褋谢械芯斜褉邪蟹褘,3,2,4,1
谐芯谢芯胁芯泻褉褍卸械薪懈械, 1, 3, 4, 2
写械蟹芯褉懈械薪褌懈褉芯胁邪薪薪芯褋褌褜,3,1,4,2
褋褍褖薪芯褋褌褜,2,1,4,3
芯泻褉褍卸械薪懈械,2,1,4,3
斜械褋锌芯褉褟写芯泻, 3, 2, 4, 1
蟹邪谐褉褟蟹薪械薪懈械,3,2,4,1
懈薪褌械谢谢械泻褌褍邪谢褜薪褘泄,2,1,4,3
邪薪邪谢懈蟹,2,1,4,3
褝薪褌褉芯锌懈褟,1,2,4,3
斜芯写褉褘泄, 3,2,4,1
褋胁械褉褏褗械褋褌械褋褌胁械薪薪褘泄,3,2,4,1
薪械褋芯芯褌胁械褌褋褌胁懈械,2,1,4,3
谐薪械胁, 3, 2, 4, 1
薪械斜械褋薪褘泄, 2, 1, 4, 3
褉械蟹薪褟,3,2,4,1
褎懈谢芯褋芯褎懈褟,2,1,4,3
锌械褉械屑械薪褔懈胁褘泄,3,1,4,2
褍锌芯褉薪褘泄,3,1,4,2
邪褍褉邪,2,1,4,3
薪械褋褌邪斜懈谢褜薪褘泄,3,1,4,2
懈薪褎械褉薪芯,3,2,4,1
薪械褋锌芯褋芯斜薪褘泄,3,2,4,1
褋褍写褜斜邪,2,1,4,3
薪械锌芯谐褉械褕懈屑褘泄, 2,1,4,3
屑褍褔懈褌械谢褜薪褘泄,3,1,4,2
写懈褋锌械褉褋懈褟, 3, 1, 4, 2
薪械泻芯薪褌褉芯谢懈褉褍械屑褘泄, 3, 1, 4, 2
褝泻褋褌褉械屑邪谢褜薪褘泄, 2, 1, 4, 3
斜械谐褋褌胁芯,3,2,4,1
屑械褔褌邪, 2, 1, 4, 3
泻邪褌邪褋褌褉芯褎邪,3,1,4,2
褟褉泻懈泄,3,1,4,2
褟褉泻懈泄,1,3,4,2
胁芯锌褉芯褋,1,2,4,3
薪邪谐薪芯械薪懈械,3,2,4,1
芯褋褍卸写械薪懈械,2,1,4,3
泻谢械褌泻邪,1,2,4,3
胁蟹褉褘胁, 2, 3, 4, 1
褍写芯胁芯谢褜褋褌胁懈械, 1, 3, 4, 2
锌芯褏芯褌褜,1,3,4,2
芯褖褍褖械薪懈械,1,3,4,2
泻褍谢褜屑懈薪邪褑懈褟, 1,3,4,2
褝谢械泻褌褉懈褔械褋褌胁芯,1,2,4,3
芯褌褉械泻邪褌褜褋褟, 3, 1, 4, 2
锌褉械蟹懈褉邪褌褜, 3, 2, 4, 1
斜械褋泻芯薪械褔薪褘泄, 2, 1, 4, 3
胁械褔薪芯褋褌褜,2,1,4,3
胁褉械屑褟, 2, 1, 4, 3
胁褋械谢械薪薪邪褟, 2, 1, 4, 3
斜械褋泻芯薪械褔薪褘泄, 2, 1, 4, 3
卸邪卸写邪褌褜,1,3,4,2
斜械蟹褍写械褉卸薪褘泄,3,1,4,2
锌械泄蟹邪卸,2,1,4,3
锌芯褉褌褉械褌,2,1,4,3
锌褍褌械褕械褋褌胁懈械,3,1,4,2
褋泻褍写薪褘泄,3,1,4,2
褌褉械胁芯谐邪,3,2,4,1
懈褋锌褍谐,3,1,4,2
褍卸邪褋,3,1,4,2
屑械谢邪薪褏芯谢懈褟,3,1,4,2
锌褉芯蟹褉械薪懈械,2,1,4,3
懈褋泻褍锌谢械薪懈械, 3, 1, 4, 2
写褘褕邪褌褜,1,3,4,2
锌谢械薪薪懈泻,3,1,4,2
卸械谢邪薪懈械,1,3,4,2
泻谢邪写斜懈褖械, 3, 2, 4, 1
褝薪懈谐屑邪, 1, 3, 4, 2
褋懈屑褍谢褟泻褉,3,2,4,1
懈谢谢褞屑懈薪邪褑懈褟,3,2,4,1
邪褉芯屑邪褌,1,2,4,3
褌邪泄薪褘泄, 1,3,4,2
邪褉泻邪薪, 1,3,4,2
胁屑械褋褌懈谢懈褖械,1,2,4,3
斜械蟹写薪邪,1,2,4,3
懈蟹谢懈褟薪懈械, 1,2,4,3
懈褋泻邪卸邪褌褜, 1,3,4,2
褋褏芯写懈褌褜褋褟,2,1,4,3
懈蟹屑械薪褔懈胁褘泄,3,1,4,2
褋芯胁械褋褌谢懈胁褘泄, 3, 1, 2, 4
斜褍写褍褖械械,3,1,2,4
褍胁械褉械薪薪芯褋褌褜,3,2,1,4
锌褘谢泻芯褋褌褜,3,2,1,4
褉械邪谢褜薪芯褋褌褜, 3, 1, 2, 4
泻芯薪械褔薪芯褋褌褜,3,1,2,4
写褍褕邪,3,1,2,4
薪械卸薪褘泄,3,1,2,4
褌械褉锌械薪懈械,3,1,2,4
褝泻褋褌褉邪胁械褉褌,3,2,1,4
褉邪褋泻邪褟薪懈械,3,1,2,4
胁芯谢褟, 3,2,1,4
芯褌泻邪蟹, 3, 1, 2, 4
褝褋泻邪锌邪写邪,2,3,1,4
褉邪褋褋褍写懈褌械谢褜薪褘泄,1,3,2,4
锌褉邪胁写邪,1,3,2,4
褍锌芯褉褋褌胁芯,2,3,1,4
谢芯胁泻芯褋褌褜, 2,3,1,4
褌邪泻褌懈褔薪褘泄, 1,3,2,4
谐邪褉薪械褉,2,3,1,4
泻芯褎械,2,3,1,4
懈屑懈褌邪褑懈褟,2,3,1,4
锌褉械械屑褋褌胁械薪薪芯褋褌褜,2,3,1,4
褌褉邪胁谢械薪懈械,1,3,2,4
褉械褋褌懈褌褍褑懈褟,1,3,2,4
褋褌褉械屑谢械薪懈械,2,3,1,4
褑械薪薪芯褋褌褜,2,3,1,4
褋芯锌械褉薪懈褔械褋褌胁芯, 2,3,1,4
褌褉邪薪褋褑械薪写懈褉芯胁邪褌褜, 2,3,1,4
褔褍胁褋褌胁芯, 2,1,3,4
锌械褉懈褎械褉懈褟, 2,1,3,4
屑褍蟹邪,1,2,3,4
芯褉泻械褋褌褉,1,2,3,4
锌褉芯锌懈褌邪薪懈械,2,1,3,4
褎芯褉屑邪谢褜薪褘泄, 1,2,3,4
谢懈薪谐胁懈褋褌懈褔械褋泻懈泄, 1,2,3,4
褋械褉写械褔薪褘泄,1,2,3,4
褍斜褍薪褌褍,2,1,3,4
懈蟹褍褔械薪懈械,1,2,3,4
褎邪泻褍谢褜褌械褌,1,2,3,4
懈蟹褍屑褉褍写薪褘泄,2,1,3,4
褍胁械泻芯胁械褔懈褌褜, 2,1,3,4
褝蟹芯褌械褉懈泻邪,1,2,3,4
芯褌褔褍卸写械薪懈械,2,1,3,4
褌胁芯褉褔械褋褌胁芯,2,1,3,4
邪锌芯泻褉懈褎懈褔械褋泻懈泄,1,2,3,4
薪邪锌褘褖械薪薪褘泄,1,2,3,4
谢懈褌械褉邪褌褍褉邪,1,2,3,4
褍械写懈薪械薪懈械,2,1,3,4
褍写械褉卸邪薪懈械,2,3,1,4
邪谢褔薪芯褋褌褜,3,3,1,4
褍谐谢褍斜谢褟褌褜褋褟, 3,2,1,4
芯褌褋械懈胁邪薪懈械,1,2,2,4
